year;port_name;nuclear_available_from_year;maturity_factor;allocation_share;allocated_new_ship_loadings;allocated_refuellings;allocated_total_service_events;allocated_initial_fuel_loading_tons;allocated_refueling_tons;allocated_fuel_throughput_tons;allocated_initial_fuel_loading_pebbles;allocated_refueling_pebbles;allocated_fuel_throughput_pebbles;allocated_fresh_fuel_storage_m3;allocated_spent_fuel_storage_m3;allocated_waste_m3;allocated_truckloads
2037;Rotterdam;2037;0.5;1.0;1.0;0.0;1.0;0.32552083333333337;0.0;0.06510416666666667;40690.10416666667;0.0;8138.020833333334;115.04855909142309;0.0;23.009711818284618;0.0
2038;Rotterdam;2037;0.75;0.42391304347826086;1.2717391304347827;0.0;1.2717391304347827;1.407523777173913;0.0;0.3091032608695652;175940.47214673914;0.0;38637.90760869565;497.45996528878374;0.0;109.24611002420349;0.0
2038;Singapore;2038;0.5;0.2934782608695652;0.8804347826086956;0.0;0.8804347826086956;0.9744395380434782;0.0;0.21399456521739127;121804.94225543477;0.0;26749.32065217391;344.3953605845426;0.0;75.63192232444855;0.0
2038;Hamburg;2038;0.5;0.2826086956521739;0.8478260869565217;0.0;0.8478260869565217;0.9383491847826086;0.0;0.20606884057971012;117293.64809782608;0.0;25758.605072463764;331.6399768591891;0.0;72.83074001613565;0.0
2039;Rotterdam;2037;1.0;0.3954372623574144;0.7908745247148288;0.0;0.7908745247148288;0.463403041825095;0.0;0.381020278833967;57925.38022813687;0.0;47627.534854245874;163.7801540829991;0.0;134.66368224602155;0.0
2039;Singapore;2038;0.75;0.30798479087452474;0.6159695817490495;0.0;0.6159695817490495;0.36091967680608367;0.0;0.29675617870722437;45114.95960076046;0.0;37094.52233840304;127.55954308387435;0.0;104.88229098007452;0.0
2039;Hamburg;2038;0.75;0.2965779467680608;0.5931558935361216;0.0;0.5931558935361216;0.34755228136882127;0.0;0.28576520912547526;43444.03517110266;0.0;35720.65114068441;122.83511556224936;0.0;100.99776168451618;0.0
2040;Rotterdam;2037;1.0;0.2765957446808511;1.3829787234042554;0.0;1.3829787234042554;1.4766179078014188;0.0;0.5618351063829787;184577.23847517735;0.0;70229.38829787234;521.8798467721574;0.0;198.56891730843063;0.0
2040;Singapore;2038;1.0;0.2872340425531915;1.4361702127659575;0.0;1.4361702127659575;1.5334109042553197;0.0;0.5834441489361702;191676.36303191495;0.0;72930.51861702128;541.9521485710866;0.0;206.20618335875488;0.0
2040;Hamburg;2038;1.0;0.2765957446808511;1.3829787234042554;0.0;1.3829787234042554;1.4766179078014188;0.0;0.5618351063829787;184577.23847517735;0.0;70229.38829787234;521.8798467721574;0.0;198.56891730843063;0.0
2040;Shanghai;2040;0.5;0.15957446808510636;0.7978723404255318;0.0;0.7978723404255318;0.8518949468085107;0.0;0.3241356382978723;106486.86835106384;0.0;40516.95478723404;301.0845269839369;0.0;114.5589907548638;0.0
2041;Rotterdam;2037;1.0;0.2374429223744292;2.374429223744292;0.0;2.374429223744292;2.117817732115677;0.0;0.9058694824961947;264727.21651445964;0.0;113233.68531202435;748.4985707463908;0.0;320.1607025236387;0.0
2041;Singapore;2038;1.0;0.2465753424657534;2.4657534246575343;0.0;2.4657534246575343;2.1992722602739723;0.0;0.9407106164383561;274909.0325342465;0.0;117588.82705479451;777.2869773135596;0.0;332.4745756976248;0.0
2041;Hamburg;2038;1.0;0.2374429223744292;2.374429223744292;0.0;2.374429223744292;2.117817732115677;0.0;0.9058694824961947;264727.21651445964;0.0;113233.68531202435;748.4985707463908;0.0;320.1607025236387;0.0
2041;Shanghai;2040;0.75;0.2054794520547945;2.054794520547945;0.0;2.054794520547945;1.8327268835616435;0.0;0.7839255136986301;229090.86044520544;0.0;97990.68921232875;647.7391477612997;0.0;277.06214641468733;0.0
2041;Provideniya;2041;0.5;0.0730593607305936;0.730593607305936;0.0;0.730593607305936;0.6516362252663621;0.0;0.2787290715372907;81454.52815829526;0.0;34841.13394216134;230.30725253735102;0.0;98.51098539188882;0.0
2042;Rotterdam;2037;1.0;0.21487603305785122;2.5785123966942147;0.21487603305785122;2.7933884297520657;2.455126549586777;0.06994662534435261;1.310799758953168;306890.81869834714;8743.328168044078;163849.969869146;892.4345253157824;24.721177986586778;463.2748754686361;0.0
2042;Singapore;2038;1.0;0.22314049586776857;2.677685950413223;0.22314049586776857;2.9008264462809916;2.549554493801653;0.07263688016528926;1.3612151342975205;318694.3117252066;9079.610020661157;170151.89178719008;926.7589301356201;25.67199252453242;481.0931399097375;0.0
2042;Hamburg;2038;1.0;0.21487603305785122;2.5785123966942147;0.21487603305785122;2.7933884297520657;2.455126549586777;0.06994662534435261;1.310799758953168;306890.81869834714;8743.328168044078;163849.969869146;892.4345253157824;24.721177986586778;463.2748754686361;0.0
2042;Shanghai;2040;1.0;0.24793388429752064;2.975206611570248;0.24793388429752064;3.2231404958677685;2.8328383264462813;0.08070764462809918;1.5124612603305785;354104.79080578516;10088.455578512398;189057.65754132232;1029.7321445951334;28.524436138369357;534.5479332330416;0.0
2042;Provideniya;2041;0.75;0.09917355371900827;1.1900826446280992;0.09917355371900827;1.2892561983471076;1.1331353305785126;0.03228305785123967;0.6049845041322315;141641.91632231406;4035.3822314049594;75623.06301652893;411.89285783805343;11.409774455347744;213.81917329321666;0.0
2043;Rotterdam;2037;1.0;0.20800000000000002;4.368;0.6240000000000001;4.992000000000001;4.14375;0.690625;2.0976041666666667;517968.74999999994;86328.12500000001;262200.5208333333;1708.6091607785422;268.0171232593793;741.3545070156756;0.0
2043;Singapore;2038;1.0;0.21600000000000003;4.5360000000000005;0.6480000000000001;5.184000000000001;4.303125;0.7171875000000001;2.17828125;537890.625;89648.43750000001;272285.15625;1774.3248977315632;278.3254741539708;769.8681419008939;0.0
2043;Hamburg;2038;1.0;0.20800000000000002;4.368;0.6240000000000001;4.992000000000001;4.14375;0.690625;2.0976041666666667;517968.74999999994;86328.12500000001;262200.5208333333;1708.6091607785422;268.0171232593793;741.3545070156756;0.0
2043;Shanghai;2040;1.0;0.24;5.04;0.72;5.76;4.781249999999999;0.796875;2.4203124999999996;597656.2499999999;99609.375;302539.06249999994;1971.4721085906256;309.25052683774527;855.4090465565487;0.0
2043;Provideniya;2041;1.0;0.128;2.688;0.384;3.072;2.5499999999999994;0.425;1.2908333333333333;318749.99999999994;53125.0;161354.16666666666;1051.4517912483336;164.93361431346415;456.21815816349266;0.0
2044;Rotterdam;2037;1.0;0.20800000000000002;7.696000000000001;0.41600000000000004;8.112;7.191979166666668;0.24375000000000002;3.5360000000000005;898997.3958333335;30468.750000000004;442000.00000000006;2628.0036139593785;354.1654843070368;1249.7255575980198;0.0
2044;Singapore;2038;1.0;0.21600000000000003;7.992000000000001;0.43200000000000005;8.424000000000001;7.468593750000002;0.25312500000000004;3.6720000000000006;933574.2187500002;31640.625000000004;459000.00000000006;2729.0806760347396;367.7872337034613;1297.7919251979436;0.0
2044;Hamburg;2038;1.0;0.20800000000000002;7.696000000000001;0.41600000000000004;8.112;7.191979166666668;0.24375000000000002;3.5360000000000005;898997.3958333335;30468.750000000004;442000.00000000006;2628.0036139593785;354.1654843070368;1249.7255575980198;0.0
2044;Shanghai;2040;1.0;0.24;8.879999999999999;0.48;9.36;8.2984375;0.28125;4.08;1037304.6875000001;35156.25;510000.0;3032.3118622608213;408.6524818927347;1441.991027997715;0.0
2044;Provideniya;2041;1.0;0.128;4.736;0.256;4.992;4.425833333333334;0.15;2.176;553229.1666666667;18750.0;272000.0;1617.2329932057714;217.94799034279185;769.0618815987814;0.0
2045;Rotterdam;2037;1.0;0.17275747508305647;9.156146179401993;0.8637873754152824;10.019933554817275;8.514154208194908;0.9222729789590256;4.6397079180509415;1064269.2760243635;115284.12236987821;579963.4897563678;3335.1086618210006;620.1155557140357;1639.8081348920134;0.0
2045;Singapore;2038;1.0;0.17940199335548174;9.508305647840531;0.8970099667774087;10.40531561461794;8.841621677740866;0.957745016611296;4.818158222591363;1105202.7097176083;119718.127076412;602269.7778239204;3463.3820718910397;643.9661540107295;1702.8776785417065;0.0
2045;Hamburg;2038;1.0;0.17275747508305647;9.156146179401993;0.8637873754152824;10.019933554817275;8.514154208194908;0.9222729789590256;4.6397079180509415;1064269.2760243635;115284.12236987821;579963.4897563678;3335.1086618210006;620.1155557140357;1639.8081348920134;0.0
2045;Shanghai;2040;1.0;0.19933554817275748;10.564784053156146;0.9966777408637874;11.561461794019934;9.82402408637874;1.0641611295681066;5.353509136212625;1228003.0107973425;133020.1411960133;669188.6420265782;3848.202302101155;715.5179489008106;1892.0863094907847;0.0
2045;Provideniya;2041;1.0;0.10631229235880399;5.634551495016612;0.53156146179402;6.166112956810632;5.239479512735328;0.5675526024363235;2.8552048726467336;654934.939091916;70944.07530454044;356900.6090808417;2052.374561120616;381.609572747099;1009.1126983950852;0.0
2045;Busan;2045;0.5;0.07641196013289035;4.049833887043189;0.3820598006644518;4.431893687707641;3.7658758997785164;0.4079284330011074;2.052178502214839;470734.48747231456;50991.05412513843;256522.3127768549;1475.1442158054424;274.28188041197734;725.2997519714673;0.0
2045;Jebel Ali;2045;0.5;0.09302325581395347;4.930232558139534;0.4651162790697674;5.395348837209301;4.584544573643411;0.496608527131783;2.4983042635658914;573068.0717054264;62076.06589147287;312288.0329457364;1795.8277409805387;333.9083761537115;882.9736110956994;0.0
2046;Rotterdam;2037;1.0;0.15926493108728945;12.104134762633999;1.5926493108728945;13.696784073506892;11.385990939254727;1.420527054619704;6.554539943848904;1423248.867406841;177565.881827463;819317.492981113;4526.197070357406;1073.739568953704;2316.565635216364;0.0
2046;Singapore;2038;1.0;0.1653905053598775;12.569678407350692;1.6539050535987752;14.223583460949467;11.8239136676876;1.4751627105666156;6.806637633996939;1477989.20846095;184395.33882082696;850829.7042496174;4700.28157306346;1115.0372446826927;2405.6643134939163;0.0
2046;Hamburg;2038;1.0;0.15926493108728945;12.104134762633999;1.5926493108728945;13.696784073506892;11.385990939254727;1.420527054619704;6.554539943848904;1423248.867406841;177565.881827463;819317.492981113;4526.197070357406;1073.739568953704;2316.565635216364;0.0
2046;Shanghai;2040;1.0;0.18376722817764166;13.966309341500766;1.8376722817764166;15.803981623277183;13.137681852986221;1.6390696784073504;7.562930704441042;1642210.2316232778;204883.70980091882;945366.3380551303;5222.535081181622;1238.9302718696583;2672.9603483265737;0.0
2046;Provideniya;2041;1.0;0.09800918836140889;7.448698315467075;0.9800918836140888;8.428790199081163;7.006763654925985;0.874170495150587;4.033563042368556;875845.4568657482;109271.31189382337;504195.3802960695;2785.3520432968653;660.7628116638178;1425.5788524408392;0.0
2046;Busan;2045;0.75;0.10566615620214395;8.03062787136294;1.0566615620214395;9.08728943338438;7.554167065467077;0.9424650650842266;4.348685155053599;944270.8831833847;117808.13313552832;543585.6443817;3002.9576716794327;712.3849063250536;1536.9522002877798;0.0
2046;Jebel Ali;2045;0.75;0.12863705972434913;9.776416539050533;1.2863705972434913;11.062787136294025;9.196377297090352;1.1473487748851452;5.294051493108729;1149547.1621362942;143418.59686064313;661756.4366385911;3655.774556827135;867.2511903087608;1871.0722438286011;0.0
2047;Rotterdam;2037;1.0;0.1477272727272727;13.738636363636362;1.9204545454545452;15.659090909090907;12.7453243371212;1.7359878077651516;8.628773082386362;1593165.54214015;216998.47597064395;1078596.6352982952;5118.118182980506;1592.5073844234364;3049.6601390758137;5.761363636363636
2047;Singapore;2038;1.0;0.1534090909090909;14.267045454545455;1.9943181818181819;16.261363636363637;13.235529119318171;1.8027565696022732;8.960648970170453;1654441.1399147713;225344.57120028415;1120081.1212713066;5314.968882325911;1653.7576684397227;3166.954759809499;5.982954545454546
2047;Hamburg;2038;1.0;0.1477272727272727;13.738636363636362;1.9204545454545452;15.659090909090907;12.7453243371212;1.7359878077651516;8.628773082386362;1593165.54214015;216998.47597064395;1078596.6352982952;5118.118182980506;1592.5073844234364;3049.6601390758137;5.761363636363636
2047;Shanghai;2040;1.0;0.17045454545454544;15.852272727272727;2.215909090909091;18.068181818181817;14.70614346590908;2.0030628551136367;9.956276633522725;1838267.9332386348;250382.8568892046;1244534.5791903406;5905.520980362124;1837.5085204885806;3518.8386220105544;6.6477272727272725
2047;Provideniya;2041;1.0;0.09090909090909091;8.454545454545455;1.1818181818181819;9.636363636363637;7.843276515151509;1.0683001893939397;5.310014204545454;980409.5643939386;133537.52367424246;663751.7755681818;3149.611189526466;980.0045442605765;1876.7139317389626;3.5454545454545454
2047;Busan;2045;1.0;0.13068181818181815;12.153409090909088;1.698863636363636;13.852272727272723;11.274709990530292;1.5356815222537878;7.633145419034088;1409338.7488162864;191960.19028172348;954143.177379261;4527.566084944294;1408.7565323745782;2697.776276874758;5.096590909090907
2047;Jebel Ali;2045;1.0;0.15909090909090906;14.795454545454543;2.068181818181818;16.86363636363636;13.725733901515138;1.869525331439394;9.292524857954543;1715716.7376893922;233690.66642992425;1161565.607244318;5511.819581671314;1715.0079524560085;3284.2493805431836;6.204545454545453
2048;Rotterdam;2037;1.0;0.1477272727272727;15.068181818181817;3.545454545454545;18.61363636363636;14.212017637310602;3.4335049715909083;11.471176609848483;1776502.2046638252;429188.12144886353;1433897.0762310603;6236.442472148728;2632.650948209074;4054.2484686222438;58.49999999999999
2048;Singapore;2038;1.0;0.1534090909090909;15.647727272727273;3.6818181818181817;19.329545454545453;14.758633700284088;3.565562855113636;11.912375710227272;1844829.212535511;445695.3568892045;1489046.963778409;6476.305644154449;2733.9067539094235;4210.181102030792;60.75
2048;Hamburg;2038;1.0;0.1477272727272727;15.068181818181817;3.545454545454545;18.61363636363636;14.212017637310602;3.4335049715909083;11.471176609848483;1776502.2046638252;429188.12144886353;1433897.0762310603;6236.442472148728;2632.650948209074;4054.2484686222438;58.49999999999999
2048;Shanghai;2040;1.0;0.17045454545454544;17.386363636363637;4.090909090909091;21.477272727272727;16.39848188920454;3.9617365056818175;13.235973011363633;2049810.2361505677;495217.0632102272;1654496.6264204541;7195.895160171609;3037.6741710104707;4677.979002256435;67.5
2048;Provideniya;2041;1.0;0.09090909090909091;9.272727272727273;2.1818181818181817;11.454545454545455;8.745857007575756;2.1129261363636362;7.0591856060606055;1093232.1259469695;264115.76704545453;882398.2007575757;3837.8107520915255;1620.0928912055845;2494.9221345367655;36.0
2048;Busan;2045;1.0;0.13068181818181815;13.329545454545451;3.136363636363636;16.465909090909086;12.572169448390145;3.037331321022726;10.147579308712118;1571521.181048768;379666.41512784077;1268447.4135890147;5516.852956131566;2328.883531108027;3586.4505683965995;51.749999999999986
2048;Jebel Ali;2045;1.0;0.15909090909090906;16.227272727272723;3.8181818181818175;20.045454545454543;15.305249763257569;3.6976207386363624;12.353574810606057;1913156.2204071963;462202.5923295453;1544196.851325757;6716.168816160168;2835.162559609772;4366.113735439339;62.999999999999986
2049;Rotterdam;2037;1.0;0.1477272727272727;14.477272727272725;5.761363636363636;20.23863636363636;13.511851917613646;5.281057646780303;14.173546993371211;1688981.4897017058;660132.2058475378;1771693.3741714014;6641.962495546209;4437.945872152058;5009.344999839528;20.68181818181818
2049;Singapore;2038;1.0;0.1534090909090909;15.03409090909091;5.982954545454546;21.017045454545453;14.031538529829557;5.484175248579546;14.718683416193183;1753942.3162286947;685521.9060724432;1839835.427024148;6897.422591528756;4608.636098004061;5202.012115217973;21.477272727272727
2049;Hamburg;2038;1.0;0.1477272727272727;14.477272727272725;5.761363636363636;20.23863636363636;13.511851917613646;5.281057646780303;14.173546993371211;1688981.4897017058;660132.2058475378;1771693.3741714014;6641.962495546209;4437.945872152058;5009.344999839528;20.68181818181818
2049;Shanghai;2040;1.0;0.17045454545454544;16.704545454545453;6.6477272727272725;23.352272727272727;15.590598366477284;6.093528053977273;16.35409268465909;1948824.7958096606;761691.0067471592;2044261.5855823862;7663.802879476395;5120.706775560067;5780.013461353302;23.863636363636363
2049;Provideniya;2041;1.0;0.09090909090909091;8.90909090909091;3.5454545454545454;12.454545454545455;8.314985795454552;3.2498816287878793;8.722182765151516;1039373.224431819;406235.2035984849;1090272.8456439395;4087.361535720744;2731.043613632036;3082.6738460550946;12.727272727272728
2049;Busan;2045;1.0;0.13068181818181815;12.806818181818178;5.096590909090907;17.903409090909086;11.952792080965915;4.671704841382575;12.538137724905301;1494099.0101207395;583963.1051728219;1567267.2156131626;5875.582207598568;3925.8751945960507;4431.343653704198;18.29545454545454
2049;Jebel Ali;2045;1.0;0.15909090909090906;15.590909090909088;6.204545454545453;21.79545454545454;14.551225142045464;5.687292850378787;15.263819839015149;1818903.142755683;710911.6062973484;1907977.4798768936;7152.882687511301;4779.326323856062;5394.6792305964145;22.27272727272727
2050;Rotterdam;2037;1.0;0.12264150943396228;10.301886792452832;7.113207547169812;17.415094339622645;9.673189367138363;6.698973073899373;13.701356132075473;1209148.6708922954;837371.6342374217;1712669.5165094342;5786.399840416068;5820.545384463398;4842.458973983898;78.00000000000001
2050;Singapore;2038;1.0;0.12735849056603774;10.69811320754717;7.386792452830188;18.08490566037736;10.0452351120283;6.956625884433963;14.228331367924529;1255654.3890035374;869578.2355542454;1778541.420990566;6008.9536804320705;6044.412514635066;5028.707396060201;81.0
2050;Hamburg;2038;1.0;0.12264150943396228;10.301886792452832;7.113207547169812;17.415094339622645;9.673189367138363;6.698973073899373;13.701356132075473;1209148.6708922954;837371.6342374217;1712669.5165094342;5786.399840416068;5820.545384463398;4842.458973983898;78.00000000000001
2050;Shanghai;2040;1.0;0.14150943396226415;11.88679245283019;8.20754716981132;20.09433962264151;11.16137234669811;7.729584316037737;15.809257075471697;1395171.5433372636;966198.0395047171;1976157.1344339622;6676.615200480079;6716.013905150073;5587.452662289113;90.0
2050;Provideniya;2041;1.0;0.07547169811320756;6.339622641509435;4.3773584905660385;10.716981132075473;5.952731918238992;4.12244496855346;8.431603773584907;744091.4897798741;515305.6210691826;1053950.4716981133;3560.8614402560424;3581.8740827467063;2979.9747532208603;48.00000000000001
2050;Busan;2045;1.0;0.10849056603773584;9.11320754716981;6.292452830188679;15.405660377358489;8.55705213246855;5.926014642295598;12.120430424528301;1069631.5165585687;740751.8302869498;1515053.8030660376;5118.73832036806;5148.943993948389;4283.713707754986;69.0
2050;Jebel Ali;2045;1.0;0.1320754716981132;11.09433962264151;7.660377358490566;18.754716981132074;10.417280856918236;7.214278694968555;14.755306603773585;1302160.1071147795;901784.8368710694;1844413.325471698;6231.507520448074;6268.279644806735;5214.955818136505;84.0
2050;Los Angeles;2050;0.5;0.04481132075471698;3.7641509433962264;2.599056603773585;6.363207547169811;3.534434576454401;2.4477017000786168;5.006264740566038;441804.3220568001;305962.7125098271;625783.0925707547;2114.261480152025;2126.7377366308565;1769.3600097248855;28.499999999999996
2050;Algeciras;2050;0.5;0.07075471698113207;5.943396226415095;4.10377358490566;10.047169811320755;5.580686173349055;3.8647921580188687;7.9046285377358485;697585.7716686318;483099.01975235855;988078.5672169811;3338.3076002400394;3358.0069525750364;2793.7263311445563;45.0
2050;Murmansk;2050;0.5;0.05424528301886792;4.556603773584905;3.1462264150943393;7.702830188679244;4.278526066234275;2.963007321147799;6.060215212264151;534815.7582792843;370375.9151434749;757526.9015330188;2559.36916018403;2574.4719969741946;2141.856853877493;34.5
2051;Rotterdam;2037;1.0;0.11304347826086956;7.460869565217391;9.721739130434782;17.182608695652174;6.929064764492743;9.089843750000002;14.01488903985507;866133.0955615928;1136230.4687500002;1751861.1299818838;5661.549597111457;8221.289998892857;4953.270650454539;120.05217391304348
2051;Singapore;2038;1.0;0.11739130434782609;7.747826086956522;10.095652173913043;17.843478260869567;7.195567255434772;9.439453125000002;14.55392323369565;899445.9069293464;1179931.6406250002;1819240.4042119563;5879.301504692667;8537.493460388736;5143.781060087406;124.66956521739131
2051;Hamburg;2038;1.0;0.11304347826086956;7.460869565217391;9.721739130434782;17.182608695652174;6.929064764492743;9.089843750000002;14.01488903985507;866133.0955615928;1136230.4687500002;1751861.1299818838;5661.549597111457;8221.289998892857;4953.270650454539;120.05217391304348
2051;Shanghai;2040;1.0;0.13043478260869565;8.608695652173912;11.217391304347826;19.82608695652174;7.995074728260857;10.488281250000002;16.171025815217387;999384.341032607;1311035.1562500002;2021378.2269021736;6532.557227436296;9486.103844876372;5715.312288986006;138.52173913043478
2051;Provideniya;2041;1.0;0.06956521739130435;4.591304347826087;5.982608695652174;10.57391304347826;4.264039855072458;5.593750000000001;8.624547101449274;533004.9818840572;699218.7500000001;1078068.3876811592;3484.030521299358;5059.255383934065;3048.1665541258703;73.87826086956522
2051;Busan;2045;1.0;0.09999999999999999;6.6;8.6;15.2;6.129557291666656;8.041015625;12.39778645833333;766194.661458332;1005126.9531250001;1549723.3072916663;5008.293874367827;7272.679614405219;4381.739421555938;106.19999999999999
2051;Jebel Ali;2045;1.0;0.1217391304347826;8.034782608695652;10.469565217391304;18.504347826086956;7.462069746376799;9.789062500000002;15.092957427536229;932758.7182970998;1223632.8125000002;1886619.6784420286;6097.053412273876;8853.696921884613;5334.291469720272;129.2869565217391
2051;Los Angeles;2050;0.75;0.061956521739130424;4.089130434782608;5.3282608695652165;9.417391304347824;3.7976604959239064;4.98193359375;7.681237262228258;474707.56199048826;622741.69921875;960154.6577785322;3102.9646830322404;4505.8993263162765;2714.7733372683524;65.7978260869565
2051;Algeciras;2050;0.75;0.09782608695652174;6.4565217391304355;8.41304347826087;14.869565217391305;5.9963060461956434;7.866210937500002;12.128269361413043;749538.2557744554;983276.3671875002;1516033.6701766301;4899.4179205772225;7114.57788365728;4286.484216739505;103.8913043478261
2051;Murmansk;2050;0.75;0.075;4.95;6.45;11.4;4.597167968749993;6.030761718750001;9.298339843749998;574645.9960937491;753845.2148437501;1162292.4804687498;3756.22040577587;5454.5097108039145;3286.3045661669535;79.64999999999999
2052;Rotterdam;2037;1.0;0.10483870967741936;4.92741935483871;11.112903225806452;16.04032258064516;4.545740927419355;10.277060231854831;13.906827536962364;568217.6159274214;1284632.528981854;1738353.442120296;5238.810363104786;10821.374687043211;4915.078562796885;146.6693548387097
2052;Singapore;2038;1.0;0.10887096774193548;5.116935483870968;11.540322580645162;16.657258064516128;4.720577116935484;10.672331779233863;14.441705519153224;590072.1396169375;1334041.472404233;1805213.1898941533;5440.3030693780465;11237.581405775643;5104.120045981381;152.31048387096774
2052;Hamburg;2038;1.0;0.10483870967741936;4.92741935483871;11.112903225806452;16.04032258064516;4.545740927419355;10.277060231854831;13.906827536962364;568217.6159274214;1284632.528981854;1738353.442120296;5238.810363104786;10821.374687043211;4915.078562796885;146.6693548387097
2052;Shanghai;2040;1.0;0.12096774193548386;5.685483870967741;12.82258064516129;18.508064516129032;5.24508568548387;11.858146421370957;16.046339465725804;655635.7106854861;1482268.3026713696;2005792.4332157257;6044.78118819783;12486.201561972935;5671.2444955348665;169.23387096774192
2052;Provideniya;2041;1.0;0.06451612903225806;3.032258064516129;6.838709677419355;9.870967741935484;2.7973790322580645;6.324344758064512;8.558047715053762;349672.3790322593;790543.0947580639;1069755.9643817204;3223.8833003721757;6659.307499718899;3024.663730951929;90.25806451612902
2052;Busan;2045;1.0;0.09274193548387095;4.358870967741935;9.830645161290322;14.189516129032256;4.021232358870967;9.091245589717735;12.302193590389782;502654.0448588726;1136405.6987147168;1537774.198798723;4634.332244285002;9572.754530845916;4347.954113243398;129.74596774193546
2052;Jebel Ali;2045;1.0;0.1129032258064516;5.306451612903225;11.967741935483868;17.274193548387093;4.895413306451612;11.067603326612893;14.976583501344082;611926.6633064536;1383450.4158266117;1872072.9376680106;5641.795775651307;11653.788124508072;5293.161529165875;157.9516129032258
2052;Los Angeles;2050;1.0;0.07661290322580644;3.6008064516129026;8.120967741935482;11.721774193548384;3.321887600806451;7.510159400201606;10.16268166162634;415235.9501008078;938769.9250252007;1270335.2077032928;3828.3614191919582;7907.927655916192;3591.7881805054153;107.1814516129032
2052;Algeciras;2050;1.0;0.12096774193548386;5.685483870967741;12.82258064516129;18.508064516129032;5.24508568548387;11.858146421370957;16.046339465725804;655635.7106854861;1482268.3026713696;2005792.4332157257;6044.78118819783;12486.201561972935;5671.2444955348665;169.23387096774192
2052;Murmansk;2050;1.0;0.09274193548387095;4.358870967741935;9.830645161290322;14.189516129032256;4.021232358870967;9.091245589717735;12.302193590389782;502654.0448588726;1136405.6987147168;1537774.198798723;4634.332244285002;9572.754530845916;4347.954113243398;129.74596774193546
2053;Rotterdam;2037;1.0;0.10483870967741936;3.564516129032258;13.20967741935484;16.774193548387096;3.262558803763446;12.522628948252686;14.559339297715054;407819.8504704288;1565328.618531586;1819917.4122143816;5578.945861192807;14386.042953175705;5145.695255117563;290.0887096774194
2053;Singapore;2038;1.0;0.10887096774193548;3.7016129032258065;13.717741935483872;17.419354838709676;3.3880418346774244;13.004268523185482;15.119313886088708;423505.22933467606;1625533.5653981853;1889914.2357610886;5793.520702007914;14939.352297528616;5343.606611083623;301.2459677419355
2053;Hamburg;2038;1.0;0.10483870967741936;3.564516129032258;13.20967741935484;16.774193548387096;3.262558803763446;12.522628948252686;14.559339297715054;407819.8504704288;1565328.618531586;1819917.4122143816;5578.945861192807;14386.042953175705;5145.695255117563;290.0887096774194
2053;Shanghai;2040;1.0;0.12096774193548386;4.112903225806451;15.241935483870966;19.354838709677416;3.7644909274193603;14.449187247983868;16.799237651209676;470561.3659274178;1806148.4059979834;2099904.7064012093;6437.245224453238;16599.28033058735;5937.340678981802;334.71774193548384
2053;Provideniya;2041;1.0;0.06451612903225806;2.193548387096774;8.129032258064516;10.32258064516129;2.007728494623659;7.70623319892473;8.959593413978494;250966.06182795617;963279.1498655912;1119949.1767473116;3433.197453041727;8852.949509646587;3166.5816954569614;178.51612903225805
2053;Busan;2045;1.0;0.09274193548387095;3.1532258064516125;11.68548387096774;14.838709677419352;2.8861097110215095;11.077710223454298;12.879415532594084;360763.713877687;1384713.7779317873;1609926.9415742604;4935.221338747482;12726.114920116968;4551.961187219382;256.6169354838709
2053;Jebel Ali;2045;1.0;0.1129032258064516;3.838709677419354;14.2258064516129;18.064516129032256;3.513524865591403;13.485908098118275;15.679288474462362;439190.6081989233;1685738.5122647844;1959911.0593077953;6008.095542823022;15492.661641881527;5541.517967049682;312.4032258064516
2053;Los Angeles;2050;1.0;0.07661290322580644;2.604838709677419;9.653225806451612;12.25806451612903;2.3841775873655946;9.151151923723114;10.63951717909946;298022.19842069794;1143893.9904653893;1329939.6473874324;4076.92197548705;10512.87754270532;3760.315763355141;211.9879032258064
2053;Algeciras;2050;1.0;0.12096774193548386;4.112903225806451;15.241935483870966;19.354838709677416;3.7644909274193603;14.449187247983868;16.799237651209676;470561.3659274178;1806148.4059979834;2099904.7064012093;6437.245224453238;16599.28033058735;5937.340678981802;334.71774193548384
2053;Murmansk;2050;1.0;0.09274193548387095;3.1532258064516125;11.68548387096774;14.838709677419352;2.8861097110215095;11.077710223454298;12.879415532594084;360763.713877687;1384713.7779317873;1609926.9415742604;4935.221338747482;12726.114920116968;4551.961187219382;256.6169354838709
2054;Rotterdam;2037;1.0;0.10483870967741936;2.2016129032258065;14.362903225806452;16.56451612903226;2.0913138440860117;13.336903561827965;14.977602066532256;261414.2305107514;1667112.9452284956;1872200.258316532;5452.782126795625;17775.09516072091;5293.521519818516;446.19354838709677
2054;Singapore;2038;1.0;0.10887096774193548;2.286290322580645;14.915322580645162;17.201612903225808;2.1717489919354738;13.849861391129041;15.553663684475804;271468.6239919341;1731232.6738911301;1944207.9605594755;5662.504516287764;18458.75266690248;5497.118501349997;463.35483870967744
2054;Hamburg;2038;1.0;0.10483870967741936;2.2016129032258065;14.362903225806452;16.56451612903226;2.0913138440860117;13.336903561827965;14.977602066532256;261414.2305107514;1667112.9452284956;1872200.258316532;5452.782126795625;17775.09516072091;5293.521519818516;446.19354838709677
2054;Shanghai;2040;1.0;0.12096774193548386;2.540322580645161;16.57258064516129;19.11290322580645;2.4130544354838595;15.388734879032265;17.28184853830645;301631.80443548237;1923591.8598790334;2160231.0672883056;6291.671684764182;20509.7251854472;6107.90944594444;514.8387096774193
2054;Provideniya;2041;1.0;0.06451612903225806;1.3548387096774193;8.838709677419354;10.193548387096774;1.2869623655913918;8.20732526881721;9.216985887096772;160870.29569892393;1025915.6586021512;1152123.2358870965;3355.5582318742304;10938.520098905174;3257.551704503702;274.5806451612903
2054;Busan;2045;1.0;0.09274193548387095;1.94758064516129;12.70564516129032;14.65322580645161;1.8500084005376254;11.798030073924737;13.249417212701609;231251.05006720312;1474753.7592405921;1656177.151587701;4823.6149583192055;15724.122642176186;4682.730575224071;394.70967741935476
2054;Jebel Ali;2045;1.0;0.1129032258064516;2.3709677419354835;15.467741935483868;17.838709677419352;2.2521841397849354;14.362819220430113;16.12972530241935;281523.0174731168;1795352.4025537644;2016215.6628024187;5872.226905779903;19142.410173084052;5700.715482881477;480.516129032258
2054;Los Angeles;2050;1.0;0.07661290322580644;1.6088709677419353;10.495967741935482;12.104838709677418;1.5282678091397774;9.746198756720434;10.945170740927415;191033.47614247212;1218274.8445900544;1368146.3426159269;3984.725400350648;12989.492617449892;3868.3426490981456;326.0645161290322
2054;Algeciras;2050;1.0;0.12096774193548386;2.540322580645161;16.57258064516129;19.11290322580645;2.4130544354838595;15.388734879032265;17.28184853830645;301631.80443548237;1923591.8598790334;2160231.0672883056;6291.671684764182;20509.7251854472;6107.90944594444;514.8387096774193
2054;Murmansk;2050;1.0;0.09274193548387095;1.94758064516129;12.70564516129032;14.65322580645161;1.8500084005376254;11.798030073924737;13.249417212701609;231251.05006720312;1474753.7592405921;1656177.151587701;4823.6149583192055;15724.122642176186;4682.730575224071;394.70967741935476
2055;Rotterdam;2037;1.0;0.09647495361781076;1.3506493506493507;13.699443413729128;15.05009276437848;1.1820694186765661;12.879029452690165;14.019142316017314;147758.6773345708;1609878.6815862707;1752392.7895021643;4969.602553014611;19046.406354073955;4954.773882333351;627.3766233766233
2055;Singapore;2038;1.0;0.10018552875695734;1.4025974025974028;14.226345083487942;15.628942486085345;1.2275336270872035;13.374376739332096;14.558340097402597;153441.70338590044;1671797.092416512;1819792.5121753246;5160.741112745942;19778.960444615266;5145.342108576942;651.5064935064936
2055;Hamburg;2038;1.0;0.09647495361781076;1.3506493506493507;13.699443413729128;15.05009276437848;1.1820694186765661;12.879029452690165;14.019142316017314;147758.6773345708;1609878.6815862707;1752392.7895021643;4969.602553014611;19046.406354073955;4954.773882333351;627.3766233766233
2055;Shanghai;2040;1.0;0.11131725417439703;1.5584415584415585;15.807050092764378;17.365491651205936;1.3639262523191147;14.860418599257882;16.17593344155844;170490.78153988937;1857552.3249072353;2021991.680194805;5734.156791939935;21976.62271623918;5717.046787307712;723.8961038961039
2055;Provideniya;2041;1.0;0.05936920222634509;0.8311688311688312;8.430426716141003;9.261595547309835;0.7274273345701946;7.925556586270871;8.627164502164502;90928.41682127434;990694.5732838591;1078395.5627705627;3058.216955701299;11720.865448660898;3049.0916198974473;386.07792207792215
2055;Busan;2045;1.0;0.08534322820037105;1.1948051948051948;12.118738404452689;13.313543599257883;1.0456767934446545;11.392987592764374;12.401548971861468;130709.59918058183;1424123.449095547;1550193.6214826836;4396.186873820617;16848.744082450037;4383.069203602579;554.9870129870129
2055;Jebel Ali;2045;1.0;0.10389610389610389;1.4545454545454544;14.753246753246753;16.207792207792206;1.2729978354978404;13.869724025974023;15.097537878787875;159124.72943723007;1733715.503246753;1887192.2348484844;5351.879672477273;20511.514535156566;5335.910334820532;675.6363636363636
2055;Los Angeles;2050;1.0;0.07050092764378478;0.9870129870129869;10.011131725417439;10.998144712430426;0.8638199598021059;9.411598446196658;10.244757846320343;107977.49497526327;1176449.8057745823;1280594.730790043;3631.632634895292;13918.527720284814;3620.7962986282178;458.4675324675324
2055;Algeciras;2050;1.0;0.11131725417439703;1.5584415584415585;15.807050092764378;17.365491651205936;1.3639262523191147;14.860418599257882;16.17593344155844;170490.78153988937;1857552.3249072353;2021991.680194805;5734.156791939935;21976.62271623918;5717.046787307712;723.8961038961039
2055;Murmansk;2050;1.0;0.08534322820037105;1.1948051948051948;12.118738404452689;13.313543599257883;1.0456767934446545;11.392987592764374;12.401548971861468;130709.59918058183;1424123.449095547;1550193.6214826836;4396.186873820617;16848.744082450037;4383.069203602579;554.9870129870129
2055;Savannah;2055;0.5;0.0463821892393321;0.6493506493506493;6.586270871985159;7.2356215213358075;0.5683026051329645;6.1918410830241175;6.739972267316017;71037.82564162058;773980.1353780148;842496.5334145022;2389.23199664164;9156.926131766326;2382.1028280448804;301.62337662337666
2055;Santos;2055;0.5;0.03339517625231911;0.4675324675324675;4.742115027829313;5.209647495361781;0.40917787569573444;4.458125579777365;4.852780032467532;51147.23446196681;557265.6974721706;606597.5040584415;1720.2470375819805;6592.986814871754;1715.1140361923137;217.16883116883116
2056;Rotterdam;2037;1.0;0.09277430865298841;0.9277430865298841;14.101694915254239;15.029438001784122;0.9041871097234613;13.14665105560511;13.662224947963129;113023.38871543267;1643331.3819506387;1707778.118495391;4965.976120159722;20325.642276619878;4828.628871923866;888.1284567350581
2056;Singapore;2038;1.0;0.09634255129348797;0.9634255129348797;14.644067796610171;15.60749330954505;0.9389635370205175;13.652291480820692;14.187695138269403;117370.44212756469;1706536.4351025864;1773461.8922836753;5156.9752017043265;21107.397748797564;5014.345366997862;922.2872435325603
2056;Hamburg;2038;1.0;0.09277430865298841;0.9277430865298841;14.101694915254239;15.029438001784122;0.9041871097234613;13.14665105560511;13.662224947963129;113023.38871543267;1643331.3819506387;1707778.118495391;4965.976120159722;20325.642276619878;4828.628871923866;888.1284567350581
2056;Shanghai;2040;1.0;0.10704727921498662;1.0704727921498662;16.271186440677965;17.341659232827833;1.043292818911686;15.169212756467433;15.764105709188224;130411.60236396074;1896151.594558429;1970513.2136485279;5729.97244633814;23452.664165330625;5571.494852219846;1024.763603925067
2056;Provideniya;2041;1.0;0.05709188224799287;0.5709188224799288;8.677966101694917;9.248884924174845;0.5564228367528993;8.090246803449299;8.407523044900387;69552.85459411242;1011280.8504311623;1050940.3806125484;3055.985304713675;12508.087554843001;2971.463921183918;546.5405887600358
2056;Busan;2045;1.0;0.08206958073148973;0.8206958073148973;12.47457627118644;13.295272078501338;0.7998578278322925;11.629729779958364;12.085814377044303;99982.22847903657;1453716.2224947955;1510726.797130538;4392.978875525907;17980.37586008681;4271.479386701881;785.6520963425512
2056;Jebel Ali;2045;1.0;0.09991079393398751;0.9991079393398751;15.186440677966102;16.185548617305976;0.9737399643175736;14.15793190603627;14.713165328575675;121717.4955396967;1769741.4882545338;1839145.6660719593;5347.97428324893;21889.153220975248;5200.061862071856;956.4460303300624
2056;Los Angeles;2050;1.0;0.06779661016949153;0.6779661016949152;10.305084745762711;10.983050847457626;0.6607521186440678;9.607168079096041;9.983933615819208;82594.01483050847;1200896.009887005;1247991.701977401;3628.9825493474887;14853.353971376062;3528.613406405902;649.0169491525423
2056;Algeciras;2050;1.0;0.10704727921498662;1.0704727921498662;16.271186440677965;17.341659232827833;1.043292818911686;15.169212756467433;15.764105709188224;130411.60236396074;1896151.594558429;1970513.2136485279;5729.97244633814;23452.664165330625;5571.494852219846;1024.763603925067
2056;Murmansk;2050;1.0;0.08206958073148973;0.8206958073148973;12.47457627118644;13.295272078501338;0.7998578278322925;11.629729779958364;12.085814377044303;99982.22847903657;1453716.2224947955;1510726.797130538;4392.978875525907;17980.37586008681;4271.479386701881;785.6520963425512
2056;Savannah;2055;0.75;0.06690454950936664;0.6690454950936664;10.16949152542373;10.838537020517396;0.6520580118198038;9.480757972792146;9.85256606824264;81507.25147747547;1185094.746599018;1231570.75853033;3581.2327789613378;14657.915103331641;3482.1842826374036;640.4772524531669
2056;Santos;2055;0.75;0.048171275646743984;0.48171275646743983;7.322033898305086;7.803746654772525;0.46948176851025875;6.826145740410346;7.093847569134701;58685.221063782345;853268.2175512932;886730.9461418376;2578.4876008521633;10553.698874398782;2507.172683498931;461.14362176628015
2057;Rotterdam;2037;1.0;0.08934707903780069;0.35738831615120276;13.670103092783505;14.027491408934708;0.2885166093928896;12.632490335051541;13.215224083619699;36064.57617411115;1579061.2918814444;1651903.0104524624;4566.660805535557;20943.977380990164;4670.645725872287;1042.680412371134
2057;Singapore;2038;1.0;0.09278350515463918;0.3711340206185567;14.195876288659795;14.56701030927835;0.2996134020618469;13.11835534793814;13.723501932989688;37451.67525773081;1639794.4184922692;1715437.7416237108;4742.301605748463;21749.514972566707;4850.285946098144;1082.7835051546392
2057;Hamburg;2038;1.0;0.08934707903780069;0.35738831615120276;13.670103092783505;14.027491408934708;0.2885166093928896;12.632490335051541;13.215224083619699;36064.57617411115;1579061.2918814444;1651903.0104524624;4566.660805535557;20943.977380990164;4670.645725872287;1042.680412371134
2057;Shanghai;2040;1.0;0.10309278350515463;0.41237113402061853;15.773195876288659;16.185567010309278;0.33290378006871874;14.575950386597931;15.248335481099652;41612.97250858978;1821993.7983247433;1906041.9351374565;5269.22400638718;24166.12774729634;5389.206606775715;1203.0927835051546
2057;Provideniya;2041;1.0;0.054982817869415807;0.21993127147766323;8.412371134020619;8.632302405498281;0.17754868270331667;7.773840206185564;8.132445589919815;22193.585337914552;971730.0257731965;1016555.6987399769;2810.2528034064962;12888.601465224716;2874.243523613715;641.6494845360825
2057;Busan;2045;1.0;0.07903780068728522;0.3161512027491409;12.092783505154639;12.40893470790378;0.2552262313860177;11.174895296391748;11.690390535509733;31903.278923252168;1396861.9120489699;1461298.8169387167;4039.738404896839;18527.36460626053;4131.725065194715;922.3711340206186
2057;Jebel Ali;2045;1.0;0.09621993127147765;0.3848797250859106;14.721649484536082;15.106529209621991;0.31071019473080413;13.604220360824735;14.231779782359673;38838.774341350465;1700527.5451030936;1778972.4727949593;4917.942405961368;22555.05256414325;5029.926166324;1122.8865979381442
2057;Los Angeles;2050;1.0;0.06529209621993126;0.26116838487972505;9.989690721649483;10.250859106529209;0.21083906071018851;9.231435244845356;9.657279138029779;26354.882588773526;1153929.4056056708;1207159.8922537223;3337.1752040452143;15305.214239954348;3413.164184291286;761.9587628865978
2057;Algeciras;2050;1.0;0.10309278350515463;0.41237113402061853;15.773195876288659;16.185567010309278;0.33290378006871874;14.575950386597931;15.248335481099652;41612.97250858978;1821993.7983247433;1906041.9351374565;5269.22400638718;24166.12774729634;5389.206606775715;1203.0927835051546
2057;Murmansk;2050;1.0;0.07903780068728522;0.3161512027491409;12.092783505154639;12.40893470790378;0.2552262313860177;11.174895296391748;11.690390535509733;31903.278923252168;1396861.9120489699;1461298.8169387167;4039.738404896839;18527.36460626053;4131.725065194715;922.3711340206186
2057;Savannah;2055;1.0;0.0859106529209622;0.3436426116838488;13.144329896907216;13.487972508591065;0.2774198167239323;12.146625322164944;12.70694623424971;34677.47709049149;1518328.1652706196;1588368.2792812139;4391.020005322651;20138.43978941362;4491.00550564643;1002.5773195876288
2057;Santos;2055;1.0;0.06185567010309278;0.24742268041237112;9.463917525773196;9.711340206185566;0.19974226804123124;8.745570231958759;9.149001288659791;24967.783505153868;1093196.278994846;1143625.1610824738;3161.5344038323083;14499.676648377805;3233.523964065429;721.8556701030927
2058;Rotterdam;2037;1.0;0.08934707903780069;0.26804123711340205;14.29553264604811;14.563573883161512;0.36064576174113105;13.452668599656361;13.287353235967926;45080.72021764143;1681583.5749570434;1660919.1544959906;4882.028278442924;21926.67393933257;4696.138272574057;1270.5154639175257
2058;Singapore;2038;1.0;0.09278350515463918;0.27835051546391754;14.845360824742269;15.123711340206187;0.3745167525773284;13.970078930412374;13.798405283505154;46814.5940721661;1746259.8663015452;1724800.660438144;5069.798596844575;22770.007552383824;4876.7589753653665;1319.381443298969
2058;Hamburg;2038;1.0;0.08934707903780069;0.26804123711340205;14.29553264604811;14.563573883161512;0.36064576174113105;13.452668599656361;13.287353235967926;45080.72021764143;1681583.5749570434;1660919.1544959906;4882.028278442924;21926.67393933257;4696.138272574057;1270.5154639175257
2058;Shanghai;2040;1.0;0.10309278350515463;0.30927835051546393;16.49484536082474;16.804123711340207;0.4161297250859204;15.522309922680414;15.331561426116835;52016.21563574011;1940288.7403350498;1916445.1782646044;5633.109552049526;25300.00839153758;5418.6210837392955;1465.979381443299
2058;Provideniya;2041;1.0;0.054982817869415807;0.16494845360824742;8.79725085910653;8.962199312714777;0.22193585337915755;8.278565292096221;8.176832760595646;27741.981672394726;1034820.6615120267;1022104.0950744557;3004.3250944264146;13493.337808820042;2889.931244660958;781.8556701030927
2058;Busan;2045;1.0;0.07903780068728522;0.23711340206185566;12.646048109965635;12.88316151202749;0.31903278923253897;11.900437607388318;11.754197093356241;39879.09865406742;1487554.7009235383;1469274.63666953;4318.717323237971;19396.67310017881;4154.276164200127;1123.9175257731958
2058;Jebel Ali;2045;1.0;0.09621993127147765;0.28865979381443296;15.395189003436425;15.683848797250858;0.38838774341352567;14.487489261168387;14.30945733104238;48548.46792669077;1810936.1576460465;1788682.1663802974;5257.568915246225;23613.341165435075;5057.379678156675;1368.2474226804122
2058;Los Angeles;2050;1.0;0.06529209621993126;0.19587628865979378;10.446735395189002;10.642611683848795;0.2635488258877496;9.830796284364261;9.709988903207329;32943.60323596873;1228849.5355455314;1213748.612900916;3567.6360496313664;16023.338647973798;3431.793353034887;928.4536082474225
2058;Algeciras;2050;1.0;0.10309278350515463;0.30927835051546393;16.49484536082474;16.804123711340207;0.4161297250859204;15.522309922680414;15.331561426116835;52016.21563574011;1940288.7403350498;1916445.1782646044;5633.109552049526;25300.00839153758;5418.6210837392955;1465.979381443299
2058;Murmansk;2050;1.0;0.07903780068728522;0.23711340206185566;12.646048109965635;12.88316151202749;0.31903278923253897;11.900437607388318;11.754197093356241;39879.09865406742;1487554.7009235383;1469274.63666953;4318.717323237971;19396.67310017881;4154.276164200127;1123.9175257731958
2058;Savannah;2055;1.0;0.0859106529209622;0.25773195876288657;13.745704467353953;14.003436426116838;0.3467747709049337;12.935258268900347;12.776301188430697;43346.84636311676;1616907.2836125416;1597037.648553837;4694.257960041273;21083.340326281315;4515.517569782746;1221.6494845360826
2058;Santos;2055;1.0;0.06185567010309278;0.18556701030927833;9.896907216494844;10.082474226804123;0.24967783505155222;9.313385953608249;9.198936855670102;31209.729381444064;1164173.24420103;1149867.1069587627;3379.865731229716;15180.005034922548;3251.172650243577;879.5876288659794
2059;Rotterdam;2037;1.0;0.08934707903780069;0.35738831615120276;14.116838487972508;14.474226804123711;0.2419816723940393;13.148446449026345;13.335749570446733;30247.70904925489;1643555.806128293;1666968.6963058417;4732.567944151102;22556.586544931135;4713.242949070727;1353.1615120274914
2059;Singapore;2038;1.0;0.09278350515463918;0.3711340206185567;14.659793814432991;15.030927835051546;0.25128865979381004;13.65415592783505;13.848663015463915;31411.08247422623;1706769.4909793814;1731082.8769329893;4914.5897881569135;23424.147565890027;4894.521524034986;1405.2061855670104
2059;Hamburg;2038;1.0;0.08934707903780069;0.35738831615120276;14.116838487972508;14.474226804123711;0.2419816723940393;13.148446449026345;13.335749570446733;30247.70904925489;1643555.806128293;1666968.6963058417;4732.567944151102;22556.586544931135;4713.242949070727;1353.1615120274914
2059;Shanghai;2040;1.0;0.10309278350515463;0.41237113402061853;16.288659793814432;16.70103092783505;0.27920962199312227;15.171284364261165;15.387403350515461;34901.202749140255;1896410.5455326457;1923425.4188144326;5460.655320174348;26026.830628766693;5438.357248927761;1561.340206185567
2059;Provideniya;2041;1.0;0.054982817869415807;0.21993127147766323;8.687285223367697;8.907216494845361;0.14891179839633187;8.091351660939289;8.206615120274913;18613.97479954147;1011418.957617411;1025826.8900343641;2912.3495040929856;13880.976335342237;2900.4571994281396;832.7147766323023
2059;Busan;2045;1.0;0.07903780068728522;0.3161512027491409;12.487972508591065;12.804123711340205;0.21406071019472706;11.631318012600227;11.797009235395187;26757.58877434086;1453914.7515750283;1474626.1544243982;4186.502412133667;19953.903482054466;4169.40722417795;1197.0274914089346
2059;Jebel Ali;2045;1.0;0.09621993127147765;0.3848797250859106;15.20274914089347;15.58762886597938;0.26059564719358075;14.159865406643753;14.361576460481096;32574.45589919757;1769983.1758304692;1795197.057560137;5096.611632162725;24291.708586848912;5075.800098999244;1457.250859106529
2059;Los Angeles;2050;1.0;0.06529209621993126;0.26116838487972505;10.31615120274914;10.577319587628864;0.17683276059564407;9.608480097365405;9.745355455326457;22104.09507445549;1201060.0121706754;1218169.431915807;3458.4150361104203;16483.659398218904;3444.2929243209155;988.848797250859
2059;Algeciras;2050;1.0;0.10309278350515463;0.41237113402061853;16.288659793814432;16.70103092783505;0.27920962199312227;15.171284364261165;15.387403350515461;34901.202749140255;1896410.5455326457;1923425.4188144326;5460.655320174348;26026.830628766693;5438.357248927761;1561.340206185567
2059;Murmansk;2050;1.0;0.07903780068728522;0.3161512027491409;12.487972508591065;12.804123711340205;0.21406071019472706;11.631318012600227;11.797009235395187;26757.58877434086;1453914.7515750283;1474626.1544243982;4186.502412133667;19953.903482054466;4169.40722417795;1197.0274914089346
2059;Savannah;2055;1.0;0.0859106529209622;0.3436426116838488;13.573883161512027;13.917525773195877;0.23267468499426855;12.642736970217639;12.82283612542955;29084.335624283543;1580342.1212772047;1602854.5156786938;4550.54610014529;21689.025523972246;4531.964374106468;1301.1168384879725
2059;Santos;2055;1.0;0.06185567010309278;0.24742268041237112;9.773195876288659;10.02061855670103;0.16752577319587333;9.102770618556699;9.232442010309276;20940.72164948415;1137846.3273195873;1154055.2512886594;3276.3931921046087;15616.098377260016;3263.014349356657;936.8041237113401
2060;Rotterdam;2037;1.0;0.0791476407914764;0.0791476407914764;12.347031963470318;12.426179604261796;0.025764205986804976;11.53566558853374;11.818556570268896;3220.5257483520736;1441958.1985667176;1477319.5712836122;4086.146577089242;20324.37688415279;4177.022680934117;1257.8934550989345
2060;Singapore;2038;1.0;0.0821917808219178;0.0821917808219178;12.821917808219178;12.904109589041095;0.026755136986297477;11.979345034246576;12.27311643835616;3344.392123288692;1497418.1292808221;1534139.5547945204;4243.306060823444;21106.083687389437;4337.677399431583;1306.2739726027396
2060;Hamburg;2038;1.0;0.0791476407914764;0.0791476407914764;12.347031963470318;12.426179604261796;0.025764205986804976;11.53566558853374;11.818556570268896;3220.5257483520736;1441958.1985667176;1477319.5712836122;4086.146577089242;20324.37688415279;4177.022680934117;1257.8934550989345
2060;Shanghai;2040;1.0;0.091324200913242;0.091324200913242;14.246575342465754;14.337899543378995;0.029727929984774974;13.310383371385084;13.636796042617956;3715.9912480985463;1663797.9214231356;1704599.5053272448;4714.784512026048;23451.204097099373;4819.64155492398;1451.4155251141551
2060;Provideniya;2041;1.0;0.0487062404870624;0.0487062404870624;7.598173515981735;7.646879756468797;0.015854895991879985;7.098871131405379;7.272957889396244;1981.8619989858914;887358.8914256723;909119.7361745306;2514.551739747226;12507.308851786333;2570.475495959456;774.0882800608828
2060;Busan;2045;1.0;0.0700152207001522;0.0700152207001522;10.922374429223744;10.992389649923895;0.02279141298832748;10.204627251395232;10.4548769660071;2848.9266235422187;1275578.406424404;1306859.6207508878;3614.668125886637;17979.256474442853;3695.0585254417183;1112.751902587519
2060;Jebel Ali;2045;1.0;0.0852359208523592;0.0852359208523592;13.296803652968036;13.382039573820395;0.027746067985789973;12.423024479959413;12.727676306443426;3468.2584982253097;1552878.0599949264;1590959.5383054286;4400.465544557645;21887.79049062608;4498.332117929049;1354.654490106545
2060;Los Angeles;2050;1.0;0.0578386605783866;0.0578386605783866;9.02283105022831;9.080669710806697;0.018827688990357482;8.429909468543887;8.63663749365804;2353.461123795746;1053738.683567986;1079579.686707255;2986.0301909498307;14852.42926149627;3052.4396514518544;919.2298325722983
2060;Algeciras;2050;1.0;0.091324200913242;0.091324200913242;14.246575342465754;14.337899543378995;0.029727929984774974;13.310383371385084;13.636796042617956;3715.9912480985463;1663797.9214231356;1704599.5053272448;4714.784512026048;23451.204097099373;4819.64155492398;1451.4155251141551
2060;Murmansk;2050;1.0;0.0700152207001522;0.0700152207001522;10.922374429223744;10.992389649923895;0.02279141298832748;10.204627251395232;10.4548769660071;2848.9266235422187;1275578.406424404;1306859.6207508878;3614.668125886637;17979.256474442853;3695.0585254417183;1112.751902587519
2060;Savannah;2055;1.0;0.076103500761035;0.076103500761035;11.87214611872146;11.948249619482496;0.024773274987312476;11.091986142820904;11.36399670218163;3096.6593734154553;1386498.267852613;1420499.587772704;3928.9870933550405;19542.670080916145;4016.3679624366505;1209.5129375951294
2060;Santos;2055;1.0;0.0547945205479452;0.0547945205479452;8.54794520547945;8.602739726027396;0.017836757990864982;7.986230022831051;8.182077625570773;2229.594748859128;998278.7528538813;1022759.7031963469;2828.870707215629;14070.722458259625;2891.7849329543883;870.8493150684931
2060;Melbourne;2060;0.5;0.0213089802130898;0.0213089802130898;3.324200913242009;3.3455098934550986;0.006936516996447493;3.105756119989853;3.1819190766108565;867.0646245563274;388219.5149987316;397739.88457635714;1100.1163861394114;5471.94762265652;1124.5830294822622;338.66362252663623
2060;Durban;2060;0.5;0.0258751902587519;0.0258751902587519;4.036529680365296;4.062404870624048;0.008422913495686243;3.7712752885591074;3.8637588787417543;1052.8641869612547;471409.41106988845;482969.8598427194;1335.8556117407138;6644.507827511489;1365.565107228461;411.234398782344
2060;Tromsø;2060;0.5;0.030441400304414;0.030441400304414;4.748858447488584;4.779299847792998;0.009909309994924991;4.436794457128362;4.5455986808726525;1238.6637493661822;554599.3071410452;568199.8351090816;1571.5948373420163;7817.068032366458;1606.54718497466;483.80517503805174
2060;Port Klang;2060;0.5;0.0365296803652968;0.0365296803652968;5.698630136986301;5.735159817351597;0.011891171993909988;5.3241533485540335;5.454718417047182;1486.3964992394185;665519.1685692542;681839.802130898;1885.9138048104194;9380.48163883975;1927.8566219695922;580.566210045662
